D 52,210 82,230 52,250
Dmaj7 52,210 52,230 52,250 
D7 58,215 28,230 58,250
Dmaj7 52,210 52,230 52,250 
D 52,210 82,230 52,250
Dmaj7 52,210 52,230 52,250 
D7 58,215 28,230 58,250
Dmaj7 52,210 52,230 52,250 
D 52,210 82,230 52,250
Dmaj7 52,210 52,230 52,250 
D7 58,215 28,230 58,250
Dmaj7 52,210 52,230 52,250 
D 52,210 82,230 52,250
Dmaj7 52,210 52,230 52,250 
D7 58,215 28,230 58,250
G 52,276 82,208 82,292
Em 52,276 52,259
A 52,259 52,230 52,245
D 52,210 82,230 52,250
Bm 84,259 52,225 84,241
Em 52,276 52,259
A 52,259 52,230 52,245
D 52,210 82,230 52,250
D7 58,215 28,230 58,250 
Em 52,276 52,259
A 52,259 52,230 52,245
D 52,210 82,230 52,250
D/C# 52,210 82,230 52,250 116,278 
Bm7 52,210 52,250 52,278 
D/A 52,210 82,230 52,250 116,260
Gmaj7 52,276 52,208 82,292
Asus4 52,259 82,230 52,245
A 52,259 52,230 52,245